-1050.4000000000001 
-895.79999999999995 
-441.0 
-862.0 
-341.60000000000002 
-260.19999999999999 
-627.20000000000005 
-248.59999999999999 
-312.60000000000002 
-275.60000000000002 
-214.40000000000001 
-202.59999999999999 
-150.0 
-260.39999999999998 
-180.0 
-143.59999999999999 
-134.80000000000001 
-106.40000000000001 
-173.0 
-147.19999999999999 
-100.2 
-105.8 
-163.19999999999999 
-110.8 
-130.80000000000001 
-81.599999999999994 
-79.599999999999994 
-136.19999999999999 
-102.59999999999999 
-87.599999999999994 
-90.599999999999994 
-127.59999999999999 
-88.400000000000006 
-120.59999999999999 
-87.599999999999994 
-179.59999999999999 
-149.19999999999999 
-47.399999999999999 
-75.0 
-103.40000000000001 
-88.0 
-95.400000000000006 
-121.59999999999999 
-73.599999999999994 
-121.2 
-138.40000000000001 
-86.400000000000006 
-65.0 
-94.799999999999997 
-85.200000000000003 
-64.0 
-101.59999999999999 
-82.400000000000006 
-69.0 
-78.400000000000006 
-70.400000000000006 
-95.0 
-64.400000000000006 
-70.0 
-45.799999999999997 
-93.200000000000003 
-78.0 
-135.80000000000001 
-39.200000000000003 
-74.0 
-65.799999999999997 
-65.799999999999997 
-80.200000000000003 
-68.200000000000003 
-61.600000000000001 
-52.600000000000001 
-47.399999999999999 
-48.600000000000001 
-47.200000000000003 
-65.0 
-78.599999999999994 
-108.40000000000001 
-66.799999999999997 
-89.599999999999994 
-88.599999999999994 
-82.0 
-128.59999999999999 
-60.799999999999997 
-62.0 
-49.799999999999997 
-54.600000000000001 
-79.400000000000006 
-107.8 
-68.400000000000006 
-96.400000000000006 
-53.0 
-67.0 
-56.200000000000003 
-79.400000000000006 
-52.799999999999997 
-65.799999999999997 
-40.200000000000003 
-40.200000000000003 
-50.600000000000001 
-39.600000000000001 
-50.200000000000003 
-52.799999999999997 
-65.799999999999997 
-76.200000000000003 
-50.399999999999999 
-50.600000000000001 
-63.200000000000003 
-69.0 
-43.799999999999997 
-50.0 
-39.399999999999999 
-50.399999999999999 
-45.0 
-50.600000000000001 
-45.0 
-55.200000000000003 
-49.200000000000003 
-83.400000000000006 
-47.600000000000001 
-49.399999999999999 
-30.199999999999999 
-32.600000000000001 
-62.0 
-57.200000000000003 
-57.399999999999999 
-60.399999999999999 
-38.200000000000003 
-40.399999999999999 
-55.799999999999997 
-37.0 
-50.200000000000003 
-86.599999999999994 
-33.0 
-48.799999999999997 
-35.0 
-69.400000000000006 
-40.399999999999999 
-40.200000000000003 
-38.399999999999999 
-38.0 
-37.799999999999997 
-38.0 
-39.799999999999997 
-57.799999999999997 
-38.799999999999997 
-40.200000000000003 
-51.0 
-35.799999999999997 
-40.399999999999999 
-43.799999999999997 
-41.799999999999997 
-38.600000000000001 
-41.600000000000001 
-38.200000000000003 
-36.799999999999997 
-37.600000000000001 
-40.399999999999999 
-24.199999999999999 
-34.200000000000003 
-38.399999999999999 
-39.799999999999997 
-39.0 
-55.0 
-41.200000000000003 
-38.0 
-37.399999999999999 
-52.399999999999999 
-39.399999999999999 
-37.0 
-37.399999999999999 
-40.399999999999999 
-38.399999999999999 
-36.399999999999999 
-51.200000000000003 
-38.600000000000001 
-40.200000000000003 
-32.0 
-40.399999999999999 
-36.799999999999997 
-37.399999999999999 
-36.799999999999997 
-32.799999999999997 
-42.0 
-46.200000000000003 
-39.399999999999999 
-49.799999999999997 
-30.800000000000001 
-53.399999999999999 
-36.600000000000001 
-40.399999999999999 
-32.399999999999999 
-32.200000000000003 
-38.399999999999999 
-40.200000000000003 
-40.200000000000003 
-49.0 
-48.200000000000003 
-37.600000000000001 
-32.600000000000001 
-35.0 
